00000000000000001110000000000000
00000000000001111111111000000000
00000000000111111111111110000000
00000000011111111111111111100000
00000000111111111111111111110000
00000011111111110000001111110000
00000011111100000000000011111000
00000111110000000000000001111000
00001111100000000000000000111100
00001111000000000000000000111100
00011111000000000000000000011100
00011110000000000000000000011100
00111100000000000000000000011100
00111100000000000000000000011110
00111100000000000000000000011110
00111000000000000000000000011110
01111000000000000000000000011110
01111000000000000000000000011100
01111000000000000000000000111100
01111000000000000000000000111100
01111000000000000000000001111100
00111100000000000000000011111000
00111100000000000000000111111000
00111110000000000000001111110000
00011111000000000000011111100000
00011111100000000011111111000000
00001111111100111111111110000000
00000111111111111111111100000000
00000011111111111111110000000000
00000000111111111111000000000000
00000000000111111000000000000000
00000000000000000000000000000000
