00000000000000000000000000000000
00000000000000000000000000000000
00000000000000000000000000000000
00000000000000000000000000000000
00000000000000000000000000000000
00000000000011111100000000000000
00000000000100000110000000000000
00000000001000000010000000000000
00000000001000000001000000000000
00000000010000000000000000000000
00000000010000000000100000000000
00000000000000000000100000000000
00000000000000000000100000000000
00000000000000000000100000000000
00000000000000000000100000000000
00000000000000000000100000000000
00000000000000000001000000000000
00000000000000000001000000000000
00000000000000000010000000000000
00000000000000000110000000000000
00000000000000001100000000000000
00000000000000011000000000000000
00000000000000110000000000000000
00000000000001100000000000000000
00000000000110000000000000000000
00000000111111111111111111100000
00000000001111111111111100100000
00000000000000000000000000000000
00000000000000000000000000000000
00000000000000000000000000000000
00000000000000000000000000000000
00000000000000000000000000000000