00000000000000000000000000000000
00000000000000000000000000000000
00000000000000000000000000000000
00000011111100000000000000000000
00000110000011000000000000000000
00001000000001100000000000000000
00001000000000100000000000000000
00000000000000010000000000000000
00000000000000010000000000000000
00000000000000000000000000000000
00000000000000010000000000000000
00000000000000010000000000000000
00000000000000010000000000000000
00000000000000110000000000000000
00000000000000100000000000000000
00000000000001000000000000000000
00000000000010000000000000000000
00000000000110000000000000000000
00000000001000000000111100000000
00000000010001111111110000000000
00000000011111000000000000000000
00000000000000000000000000000000
00000000000000000000000000000000
00000000000000000000000000000000
00000000000000000000000000000000
00000000000000000000000000000000
00000000000000000000000000000000
00000000000000000000000000000000
00000000000000000000000000000000
00000000000000000000000000000000
00000000000000000000000000000000
00000000000000000000000000000000