00000000000000000000000000000000
00000000000000000000000000000000
00000000000000000000000000000000
00000000000000000000000000000000
00000000000000000000000000000000
00000000000000011100000000000000
00000000000000011111000000000000
00000000000001100000110000000000
00000000000011000000011000000000
00000000000100000000001000000000
00000000000100000000000100000000
00000000001000000000000010000000
00000000001000000000000010000000
00000000010000000000000010000000
00000000010000000000000010000000
00000000010000000000000010000000
00000000010000000000000010000000
00000000010000000000000100000000
00000000001000000000000100000000
00000000001000000000001000000000
00000000001100000000001000000000
00000000000100000000010000000000
00000000000010000000110000000000
00000000000001110111100000000000
00000000000000001100000000000000
00000000000000000000000000000000
00000000000000000000000000000000
00000000000000000000000000000000
00000000000000000000000000000000
00000000000000000000000000000000
00000000000000000000000000000000
00000000000000000000000000000000
