00000000000000000000000000000000
00000000000000000000000000000000
00000000001111100000000000000000
00000000011000110000000000000000
00000000011000001000000000000000
00000000010000000100000000000000
00000000100000000100000000000000
00000000100000000010000000000000
00000001000000000010000000000000
00000011000000000010000000000000
00000010000000000010000000000000
00000010000000000010000000000000
00000100000000000010000000000000
00000100000000000010000000000000
00000100000000000010000000000000
00000100000000000010000000000000
00000100000000000100000000000000
00000110000000000100000000000000
00000010000000001000000000000000
00000001000000010000000000000000
00000000100001100000000000000000
00000000011110000000000000000000
00000000000000000000000000000000
00000000000000000000000000000000
00000000000000000000000000000000
00000000000000000000000000000000
00000000000000000000000000000000
00000000000000000000000000000000
00000000000000000000000000000000
00000000000000000000000000000000
00000000000000000000000000000000
00000000000000000000000000000000